bp <-
structure(list(TimeofDay = structure(c(2L, 2L, 2L, 2L, 2L, 2L, 
2L, 2L, 2L, 2L, 2L, 2L, 2L, 1L, 1L, 1L, 1L, 1L, 1L, 1L, 1L, 1L, 
2L, 2L, 2L, 1L, 1L, 1L, 1L, 1L, 1L, 1L, 1L, 1L, 2L, 2L, 2L, 2L, 
2L, 2L, 1L, 1L, 1L, 1L, 1L, 1L, 1L, 1L, 1L, 1L, 2L, 2L, 2L, 1L, 
1L, 1L, 1L, 1L, 1L, 2L, 2L, 2L, 1L, 1L, 1L, 1L, 1L, 1L, 1L, 1L, 
1L, 1L, 1L, 1L, 1L, 1L, 1L, 1L, 1L, 1L, 1L, 2L, 2L, 2L, 2L, 2L, 
2L, 2L, 2L, 2L, 1L, 1L, 1L, 2L, 2L, 2L, 2L, 1L, 1L, 1L, 1L, 2L, 
2L, 2L, 2L, 1L, 1L, 1L, 1L, 2L, 2L, 2L, 2L, 2L, 2L, 2L, 2L, 1L, 
1L, 1L, 1L), .Label = c("AM", "PM"), class = "factor"), Date = c(1, 
1, 1, 2, 2, 2, 3, 3, 3, 4, 4, 4, 4, 5, 5, 5, 5, 5, 5, 6, 6, 6, 
6, 6, 6, 7, 7, 7, 8, 8, 8, 8, 8, 8, 9, 9, 9, 9, 9, 9, 10, 10, 
10, 10, 10, 10, 11, 11, 11, 11, 11, 11, 11, 12, 12, 12, 13, 13, 
13, 13, 13, 13, 19, 19, 19, 20, 20, 20, 21, 21, 21, 23, 23, 23, 
23, 25, 25, 25, 26, 26, 26, 26, 26, 26, 26, 26, 26, 26, 26, 26, 
27, 27, 27, 27, 27, 27, 27, 28, 28, 28, 28, 28, 28, 28, 28, 29, 
29, 29, 29, 30, 30, 30, 30, 32, 32, 32, 32, 39, 39, 39, 39), 
    Systolic = c(137, 144, 142, 132, 133, 133, 137, 127, 126, 
    135, 129, 131, 134, 134, 127, 130, 124, 133, 127, 125, 133, 
    126, 141, 127, 128, 128, 127, 125, 131, 127, 131, 124, 130, 
    128, 145, 135, 146, 134, 139, 135, 117, 127, 117, 118, 120, 
    119, 134, 125, 132, 129, 143, 132, 138, 125, 133, 124, 118, 
    121, 123, 136, 135, 131, 128, 125, 121, 133, 124, 122, 137, 
    129, 132, 138, 131, 127, 133, 128, 131, 124, 130, 125, 121, 
    145, 141, 147, 140, 139, 141, 132, 135, 139, 126, 121, 117, 
    143, 133, 126, 132, 122, 120, 122, 123, 140, 137, 132, 131, 
    130, 121, 133, 126, 140, 132, 136, 128, 132, 117, 121, 120, 
    128, 126, 129, 125), Diastolic = c(88, 84, 90, 91, 88, 86, 
    92, 83, 83, 86, 82, 87, 85, 87, 84, 86, 83, 83, 84, 85, 87, 
    83, 93, 86, 88, 85, 88, 85, 91, 85, 92, 84, 85, 85, 87, 84, 
    85, 80, 86, 81, 75, 80, 77, 76, 75, 75, 84, 84, 88, 87, 97, 
    91, 91, 83, 84, 82, 85, 82, 83, 82, 83, 83, 81, 80, 79, 83, 
    81, 81, 87, 86, 83, 86, 84, 84, 85, 80, 79, 80, 79, 80, 76, 
    92, 87, 89, 85, 87, 87, 87, 85, 87, 81, 80, 81, 89, 85, 85, 
    88, 83, 80, 80, 81, 88, 87, 85, 83, 85, 81, 85, 84, 82, 81, 
    85, 81, 80, 79, 81, 80, 86, 85, 88, 85)), .Names = c("TimeofDay", 
"Date", "Systolic", "Diastolic"), row.names = c("1", "2", "3", 
"4", "5", "6", "7", "8", "9", "10", "11", "12", "13", "14", "15", 
"16", "17", "18", "19", "20", "22", "24", "21", "23", "25", "26", 
"27", "28", "29", "30", "31", "32", "33", "34", "35", "36", "37", 
"38", "39", "40", "41", "42", "43", "44", "45", "46", "47", "49", 
"51", "52", "48", "50", "53", "54", "55", "56", "57", "59", "61", 
"58", "60", "62", "63", "64", "65", "66", "67", "68", "69", "70", 
"71", "72", "73", "74", "75", "76", "77", "78", "79", "80", "81", 
"82", "83", "84", "85", "86", "87", "88", "89", "90", "91", "92", 
"93", "94", "95", "96", "97", "98", "99", "100", "101", "110", 
"210", "310", "410", "510", "610", "710", "810", "111", "211", 
"311", "411", "112", "212", "312", "412", "113", "213", "313", 
"413"), class = "data.frame")
