cigbutts <-
structure(list(distance = c(200, 400, 600, 800, 1000, 1200, 1400, 
1600, 1800, 2000, 2200, 2400, 2600, 2800, 3000), count = c(28, 
15, 10, 11, 9, 4, 1, 1, 2, 1, 2, 1, 1, 0, 0)), .Names = c("distance", 
"count"), row.names = c(NA, -15L), class = "data.frame")
