fires <-
structure(list(Run = c(1306L, 1308L, 1310L, 1311L, 1312L, 1313L, 
1314L, 1315L, 1317L, 1318L, 1319L, 1320L, 1321L, 1323L, 1324L, 
1325L, 1326L, 1327L, 1328L, 1329L, 1330L, 1331L, 1332L, 1333L, 
1334L, 1335L, 1336L, 1337L, 1338L, 1340L, 1341L), Slope = c(0, 
0.0342, 0.0342, 0.0342, 0.0342, 0.0342, 0.0342, 0.0342, 0.0342, 
0.0342, 0.0696, 0.0696, 0.0696, 0.0167, 0.0241, 0.0255, 0.0255, 
0.051, 0.051, 0.0764, 0.1266, 0.1266, 0.1266, 0.1688, 0.1688, 
0.1688, 0.1392, 0.0911, 0.0911, 0, 0), ROS_E = c(0.742857142857143, 
NA, 0.675, NA, NA, 0.45, NA, NA, 0.5, NA, NA, 0.6, 0.333333333333333, 
0.68, 0.825, 0.46, 0.333333333333333, 0.425, 0.425, 0.383333333333333, 
0.5, 0.48, 0.3, 0.5, 0.333333333333333, 0.32, 0.26, 0.42, 0.35, 
0.45, 0.58), ROS_W = c(0.9, 0.933333333333333, 1.025, 0.9, 1.06, 
1.175, 1.025, 0.98, NA, 1.65, 1.36666666666667, NA, 1.06666666666667, 
0.88, 1.175, 1.06, 1.33333333333333, 1, 0.825, NA, NA, NA, NA, 
1.96, NA, NA, NA, NA, NA, 1.01666666666667, 0.6), ROS_S = c(0.485714285714286, 
0.783333333333333, 1.125, 1.175, NA, 0.6, 1.325, 0.94, 1.05, 
0.8, 0.716666666666667, 0.66, 0.683333333333333, 0.6, 0.925, 
0.62, 1.16666666666667, 1.35, 0.95, 0.783333333333333, 0.82, 
0.78, NA, NA, NA, NA, NA, NA, NA, 0.566666666666667, 0.7), ROS_N = c(1.05714285714286, 
0.95, 0.875, 0.95, NA, 0.95, 0.7, 0.8, 0.975, 0.775, 0.55, 0.54, 
0.683333333333333, 0.78, 1.325, 0.82, 0.7, 0.975, 1.05, 0.85, 
NA, 0.86, NA, NA, NA, NA, NA, NA, NA, 0.6, 1.04), Time = c(7L, 
6L, 4L, 4L, 5L, 4L, 4L, 5L, 4L, 4L, 6L, 5L, 6L, 5L, 4L, 5L, 3L, 
4L, 4L, 6L, 5L, 5L, 7L, 5L, 6L, 5L, 5L, 5L, 6L, 6L, 5L)), .Names = c("Run", 
"Slope", "ROS_E", "ROS_W", "ROS_S", "ROS_N", "Time"), class = "data.frame", row.names = c(1L, 
3L, 4L, 5L, 6L, 7L, 8L, 9L, 10L, 11L, 12L, 13L, 14L, 15L, 16L, 
17L, 18L, 19L, 20L, 21L, 22L, 23L, 24L, 25L, 26L, 27L, 28L, 29L, 
30L, 32L, 33L))
