gasdata <-
structure(list(month = structure(c(6L, 2L, 12L, 11L, 10L, 3L, 
5L, 4L, 8L, 1L, 9L, 7L, 6L, 2L, 12L, 11L, 10L, 3L, 5L, 4L, 8L, 
1L, 9L, 7L, 6L, 2L, 12L, 11L, 10L, 3L, 5L, 4L, 8L, 1L, 9L, 7L, 
6L, 2L, 12L, 11L, 10L, 3L, 5L, 4L, 8L, 1L, 9L, 7L, 6L, 2L, 12L, 
11L, 10L, 3L, 5L, 4L, 8L, 1L, 9L, 7L, 6L, 2L, 12L, 11L, 10L, 
3L, 5L, 4L, 8L, 1L), .Label = c("April", "August", "December", 
"February", "January", "July", "June", "March", "May", "November", 
"October", "September"), class = "factor"), degreedays = c(6, 
10, 14, 185, 344, 652, 539, 645, 559, 360, 224, 34, NA, NA, NA, 
NA, NA, NA, NA, NA, NA, NA, NA, NA, NA, NA, NA, NA, NA, NA, NA, 
NA, NA, NA, NA, NA, NA, NA, NA, NA, NA, NA, NA, NA, NA, NA, NA, 
NA, NA, NA, NA, NA, NA, NA, NA, NA, NA, NA, NA, NA, NA, NA, NA, 
NA, NA, NA, NA, NA, NA, NA), cubicmetres = c(27.9, 18.6, 22.4, 
153.6, 316.1, 551.6, 316.8, 588, 537, 315.8, 185.6, 39, 29, 8.5, 
48, 111.4, 333, 375.3, 491.7, 738, 484.4, 301.6, 125.4, 42, 46.2, 
15.5, 42.7, 73.5, 265.2, 460.8, 466.7, 712, 508.5, 276.1, 137, 
59.6, 28.8, 15.9, 35.8, 123.1, 310.9, 509.5, 532.3, 568, 490.6, 
275.1, 99.3, 37.7, 29.8, 23.8, 36.7, 162.9, 217.5, 400.2, 585.9, 
543.2, 348.6, 200.1, 137, 45.7, 35.8, 28.8, 32.8, 110.2, 170.8, 
361.5, 423.1, 449.9, 376.4, 245.3), dailyusage = c(0.9, 0.6, 
0.7, 4.8, 10.9, 21, 17.9, 21.7, 19.7, 9.9, 5.8, 1.3, 1, 0.5, 
1.5, 6.4, 11.1, 13.9, 14.9, 24.6, 17.3, 10.4, 3.8, 1.4, 1.4, 
0.5, 1.4, 2.4, 9.1, 16.5, 15.1, 23.7, 15.4, 9.5, 4.6, 1.8, 1, 
0.5, 1.2, 4.1, 10, 17.6, 18.4, 18.9, 16.4, 8.9, 3.2, 1.3, 0.9, 
0.7, 1.3, 5.6, 7.5, 13.3, 18.3, 18.1, 11.2, 6.9, 4.7, 1.4, 1.2, 
0.9, 1.1, 3.8, 6.1, 11.3, 13.6, 15.5, 11.8, 9.1), temp = c(18, 
17, 17, 12, 6, -5, 0, -2, -1, 6, 11, 17, 17, 17, 15, 8.1, 4, 
3, 0, -9, -3, 4, 12, 17, 17, 17, 16, 14, 4, -3, -1, -5, -4, 7, 
11, 16, 18, 18, 17, 12, 4, -3, -7, -6, -1, 6, 13, 15, 17, 18, 
16, 9, 8, 1, -5, -5, 2, 9, 12, 18, 18, 18, 16, 12, 7, -2, -6, 
-7, -2, 3), year = c(2005, 2005, 2005, 2005, 2005, 2005, 2006, 
2006, 2006, 2006, 2006, 2006, 2006, 2006, 2006, 2006, 2006, 2006, 
2007, 2007, 2007, 2007, 2007, 2007, 2007, 2007, 2007, 2007, 2007, 
2007, 2008, 2008, 2008, 2008, 2008, 2008, 2008, 2008, 2008, 2008, 
2008, 2008, 2009, 2009, 2009, 2009, 2009, 2009, 2009, 2009, 2009, 
2009, 2009, 2009, 2010, 2010, 2010, 2010, 2010, 2010, 2010, 2010, 
2010, 2010, 2010, 2010, 2011, 2011, 2011, 2011), I1 = c(0, 0, 
0, 0, 0, 0, 0, 0, 0, 0, 0, 0, 0, 0, 0, 0, 0, 0, 0, 0, 0, 0, 0, 
0, 0, 0, 0, 0, 0, 0, 0, 0, 0, 0, 0, 0, 0, 0, 0, 0, 1, 1, 1, 1, 
1, 1, 1, 1, 1, 1, 1, 1, 1, 1, 1, 1, 1, 1, 1, 1, 1, 1, 1, 1, 1, 
1, 1, 1, 1, 1), I2 = c(0, 0, 0, 0, 0, 0, 0, 0, 0, 0, 0, 0, 0, 
0, 0, 0, 0, 0, 0, 0, 0, 0, 0, 0, 0, 0, 0, 0, 0, 0, 0, 0, 0, 0, 
0, 0, 0, 0, 0, 0, 0, 0, 0, 0, 0, 0, 0, 0, 0, 0, 0, 0, 0, 0, 0, 
0, 1, 1, 1, 1, 1, 1, 1, 1, 1, 1, 1, 1, 1, 1), I3 = c(0, 0, 0, 
0, 0, 0, 0, 0, 0, 0, 0, 0, 0, 0, 0, 0, 0, 0, 0, 0, 0, 0, 0, 0, 
0, 0, 0, 0, 0, 0, 0, 0, 0, 0, 0, 0, 0, 0, 0, 0, 0, 0, 0, 0, 0, 
0, 0, 0, 0, 0, 0, 0, 0, 0, 0, 0, 0, 0, 0, 0, 0, 0, 0, 0, 1, 1, 
1, 1, 1, 1)), .Names = c("month", "degreedays", "cubicmetres", 
"dailyusage", "temp", "year", "I1", "I2", "I3"), class = "data.frame", row.names = c(NA, 
-70L))
