Juliet <-
structure(list(Batch = structure(c(1L, 1L, 1L, 1L, 1L, 1L, 1L, 
1L, 1L, 1L, 1L, 2L, 2L, 2L, 2L, 2L, 2L, 2L, 2L, 2L, 3L, 3L, 3L, 
3L, 3L, 3L, 3L, 3L), .Label = c("1", "2", "3"), class = "factor"), 
    Vol1 = c(350, 400, 400, 420, 550, 480, 550, 580, 550, 525, 
    500, 360, 425, 350, 230, 494, 370, 535, 400, 312, 320, 456, 
    282, 405, 315, 345, 356, 521), P1 = c(0.38, 0.67, 0.6, 0.6, 
    0.34, 0.37, 0.37, 0.41, 0.41, 0.45, 0.45, 0.65, 0.45, 0.65, 
    0.55, 0.44, 0.51, 0.57, 0.43, 0.54, 0.57, 0.53, 0.6, 0.57, 
    0.58, 0.68, 0.55, 0.59), LAA1 = c(131.25, 268, 240, 252, 
    187, 177.6, 203.5, 234.9, 222.75, 236.25, 225, 232.2, 191.25, 
    227.5, 126.5, 217.36, 187.59, 304.95, 172, 168.48, 182.4, 
    240.768, 169.2, 230.85, 182.7, 234.6, 196.512, 307.39), VOl2 = c(73.13, 
    231.185, 200, 165.33, 94.4, 104.2, 82.97, 136, 128.78, 118.76, 
    127.68, 189, 156.88, 191.12, 99.32, 182.27, 173.61, 244.67, 
    145.272, 147.186, 179.61, 139.48, 122.704, 198.08, 168.97, 
    209.61, 180.54, 281.68), P2 = c(0.93, 0.94, 0.94, 0.94, 0.93, 
    0.94, 0.94, 0.94, 0.94, 0.94, 0.94, 0.94, 0.94, 0.94, 0.94, 
    0.94, 0.94, 0.94, 0.94, 0.94, 0.94, 0.94, 0.94, 0.95, 0.95, 
    0.95, 0.94, 0.95), LAA2 = c(68.0109, 216.85153, 188, 154.58355, 
    87.5088, 98.0522, 77.82586, 127.568, 120.66686, 112.10944, 
    120.40224, 178.227, 146.83968, 179.6528, 93.26148, 172.06288, 
    163.88784, 230.47914, 136.410408, 138.35484, 169.37223, 131.25068, 
    115.587168, 187.38368, 159.84562, 198.29106, 170.42976, 266.75096
    ), Yield = c(0.52, 0.81, 0.78, 0.61, 0.47, 0.55, 0.38, 0.54, 
    0.54, 0.47, 0.54, 0.77, 0.77, 0.79, 0.74, 0.79, 0.87, 0.76, 
    0.79, 0.82, 0.93, 0.55, 0.68, 0.81, 0.87, 0.85, 0.87, 0.87
    ), Date = c("02-Jan", "03-Feb", "12-Feb", "18-Feb", "23-Feb", 
    "24-Feb", "27-Feb", "05-Mar", "04-Mar", "13-Mar", "16-Mar", 
    "17-Mar", "19-Feb", "23-Jan", "06-Feb", "05-Feb", "13-Feb", 
    "02-Feb", "25-Feb", "03-Mar", "10-Feb", "12-Mar", "11-Feb", 
    "20-Mar", "25-Mar", "26-Mar", "27-Mar", "30-Mar")), .Names = c("Batch", 
"Vol1", "P1", "LAA1", "VOl2", "P2", "LAA2", "Yield", "Date"), row.names = c(NA, 
-28L), class = "data.frame")
