lengthguesses <-
structure(list(imperial = c(7.31363636363636, 7.61837121212121, 
8.22784090909091, 9.14204545454546, 9.14204545454546, 9.14204545454546, 
9.14204545454546, 9.14204545454546, 9.14204545454546, 9.75151515151515, 
9.75151515151515, 10.05625, 10.3609848484848, 10.3609848484848, 
10.3609848484848, 10.6657196969697, 10.6657196969697, 10.9704545454545, 
10.9704545454545, 10.9704545454545, 11.2751893939394, 11.2751893939394, 
12.1893939393939, 12.1893939393939, 12.1893939393939, 12.1893939393939, 
12.1893939393939, 12.1893939393939, 12.1893939393939, 12.1893939393939, 
12.1893939393939, 12.4941287878788, 12.4941287878788, 12.7988636363636, 
12.7988636363636, 12.7988636363636, 12.7988636363636, 13.1035984848485, 
13.1035984848485, 13.4083333333333, 13.4083333333333, 13.4083333333333, 
13.7130681818182, 13.7130681818182, 13.7130681818182, 13.7130681818182, 
13.7130681818182, 13.7130681818182, 14.017803030303, 14.017803030303, 
14.3225378787879, 14.6272727272727, 14.6272727272727, 15.2367424242424, 
15.2367424242424, 15.2367424242424, 15.5414772727273, 16.4556818181818, 
16.4556818181818, 16.4556818181818, 16.7604166666667, 16.7604166666667, 
18.2840909090909, 18.2840909090909, 19.1982954545455, 21.3314393939394, 
22.8551136363636, 24.3787878787879, 28.6450757575758), metric = c(8, 
9, 10, 10, 10, 10, 10, 10, 11, 11, 11, 11, 12, 12, 13, 13, 13, 
14, 14, 14, 15, 15, 15, 15, 15, 15, 15, 15, 16, 16, 16, 17, 17, 
17, 17, 18, 18, 20, 22, 25, 27, 35, 38, 40)), .Names = c("imperial", 
"metric"))
