oldwash <-
structure(list(Date = c("2014-07-03", "2014-07-10", "2014-07-14", 
"2014-07-21", "2014-07-22", "2014-07-23", "2014-07-28", "2014-07-29", 
"2014-07-30", "2014-08-05", "2014-08-06", "2014-08-07", "2014-08-08", 
"2014-08-12", "2014-08-15", "2014-08-19", "2014-08-19", "2014-08-23", 
"2014-08-25", "2014-08-26", "2014-08-27", "2014-08-29", "2014-08-30", 
"2014-09-01", "2014-09-04", "2014-08-05", "2014-09-15", "2014-09-22", 
"2014-09-23", "2014-09-24", "2014-09-25", "2014-09-26", "2014-10-01", 
"2014-10-09", "2014-10-22", "2014-10-23", "2014-10-24", "2014-10-28", 
"2014-10-29", "2014-10-30", "2014-10-31", "2014-11-03", "2014-11-12", 
"2014-11-14", "2014-11-15", "2014-11-21", "2014-12-22", "2014-12-29", 
"2015-12-31"), startT = c(24, 24, 24, 24, 24, 23, 24, 24, 23, 
23, 24, 24, 23, 24, 23, 23, 23, 24, 24, 24, 23, 23, 24, 23, 23, 
23, 22, 22, 22, 22, 22, 23, 22, 22, 22, 22, 22, 22, 22, 22, 22, 
22, 23, 22, 22, 22, 21, 21, 21), endT = c(94, 93, 92, 94, 94, 
87, 92, 94, 85, 92, 91, 94, 83, 95, 90, 95, 85.5, 93, 93, 87, 
92, 95, 92.5, 85.5, 95, 92, 84, 92, 92, 90, 86, 92, 90, 84, 87, 
90, 82, 85, 88, 88, 90, 86, 93, 90, 90, 91, 90, 91, 90), time = c(205, 
135, 120, 105, 110, 60, 150, 80, 120, 85, 120, 75, 95, 180, 150, 
90, 70, 165, 180, 120, 150, 210, 195, 120, 120, 165, 135, 180, 
150, 135, 75, 105, 180, 90, 140, 135, 120, 65, 110, 110, 80, 
120, 135, 170, 210, 125, 115, 110, 80), Vol = c(1000, 1000, 1000, 
1800, 900, 967, 2000, 1000, 1354, 1800, 2000, 1200, 1369, 1300, 
2000, 1000, 1019, 2000, 2000, 1408.8, 1950, 2000, 2000, 1510, 
2000, 2000, 1423, 2000, 1550, 1450, 1386, 2000, 1800, 1800, 2000, 
1900, 1666, 1100, 2000, 1500, 1500, 1500, 1800, 1800, 1800, 1800, 
1800, 2000, 1300), alc = c(7, 6.5, 6.5, 6.5, 7, 22.2, 7, 7, 23.9, 
8.5, 8.5, 8.5, 30, 8.5, 5, 5, 20.3, 7, 6.5, 27, 6.5, 10, 10, 
32, 7, 7, 33.8, 9, 9, 9, 29.6, 10.6, 9, 36.5, 10, 10, 34, 34, 
10, 10, 10, 35, 10.5, 10.5, 10.5, 9, 11, 11, 10), who = c("C", 
"C", "C", "C", "C", "C", "C", "C", "C", "C", "C", "C", "C", "C", 
"C", "C", "C", "C", "C", "C", "R", "R", "R", "R", "R", "R", "R", 
"R", "R", "R", "R", "R", "R", "R", "R", "R", "R", "M", "M", "M", 
"M", "M", "M", "M", "M", "M", "M", "M", "M"), batch = c(1, 1, 
1, 1, 1, 2, 1, 1, 2, 1, 1, 1, 2, 1, 1, 1, 2, 1, 1, 2, 1, 1, 1, 
2, 1, 1, 2, 1, 1, 1, 2, 1, 1, 2, 1, 1, 2, 2, 1, 1, 1, 2, 1, 1, 
1, 1, 1, 1, 1)), .Names = c("Date", "startT", "endT", "time", 
"Vol", "alc", "who", "batch"), row.names = c(3L, 4L, 5L, 6L, 
7L, 8L, 9L, 10L, 11L, 13L, 14L, 15L, 16L, 17L, 18L, 19L, 20L, 
21L, 22L, 23L, 24L, 25L, 26L, 28L, 29L, 30L, 31L, 32L, 33L, 34L, 
35L, 36L, 38L, 39L, 40L, 41L, 42L, 43L, 44L, 45L, 46L, 48L, 49L, 
50L, 51L, 52L, 54L, 55L, 56L), class = "data.frame")
