"p11.15" <-
structure(list(x = c(2.5, 7.5, 14, 15, 16, 22, 23, 23, 29), y = c(5, 
2.6, 2.6, 3.9, 5.1, 13, 14.2, 5.1, 2.7)), .Names = c("x", "y"
), class = "data.frame", row.names = c("1", "2", "3", "4", "5", 
"6", "7", "8", "9"))
