"p11.12" <-
structure(list(cost = c(2449, 2248, 3545, 794, 1619, 2079, 918, 
1231, 3641, 4314, 2628, 3989, 2308, 376, 5428, 2786, 2497, 5551, 
5208), x = c(90.6, 87.8, 38.6, 28.6, 28.9, 23.3, 21.1, 17.5, 
27.6, 39.2, 34.9, 46.6, 80.9, 14.6, 48.1, 38.1, 73.2, 40.8, 44.6
)), .Names = c("cost", "x"), class = "data.frame", row.names = c("1", 
"2", "3", "4", "5", "6", "7", "8", "9", "10", "11", "12", "13", 
"14", "15", "16", "17", "18", "19"))
