"p12.8" <-
structure(list(x = c(0.5, 1, 2, 4, 8, 9, 10, 0.5, 1, 2, 4, 8, 
9, 10), y = c(0.68, 0.45, 2.5, 6.19, 56.1, 89.8, 147.7, 1.58, 
2.66, 2.04, 7.85, 54.2, 90.2, 146.3)), .Names = c("x", "y"), class = "data.frame", row.names = c("1", 
"2", "3", "4", "5", "6", "7", "8", "9", "10", "11", "12", "13", 
"14"))
