"p12.11" <-
structure(list(xi = c(8, 8, 10, 10, 10, 10, 12, 12, 12, 12, 14, 
14, 14, 16, 16, 16, 18, 18, 20, 20, 20, 22, 22, 22, 24, 24, 24, 
26, 26, 26, 28, 28, 30, 30, 30, 32, 32, 34, 36, 36, 38, 38, 40, 
42), yi = c(0.49, 0.49, 0.48, 0.47, 0.48, 0.77, 0.46, 0.46, 0.45, 
0.43, 0.45, 0.43, 0.43, 0.44, 0.43, 0.43, 0.46, 0.45, 0.42, 0.42, 
0.43, 0.41, 0.41, 0.4, 0.42, 0.4, 0.4, 0.41, 0.4, 0.41, 0.41, 
0.4, 0.4, 0.4, 0.38, 0.41, 0.4, 0.4, 0.41, 0.38, 0.4, 0.4, 0.39, 
0.39)), .Names = c("xi", "yi"), class = "data.frame", row.names = c("1", 
"2", "3", "4", "5", "6", "7", "8", "9", "10", "11", "12", "13", 
"14", "15", "16", "17", "18", "19", "20", "21", "22", "23", "24", 
"25", "26", "27", "28", "29", "30", "31", "32", "33", "34", "35", 
"36", "37", "38", "39", "40", "41", "42", "43", "44"))
