"p12.12" <-
structure(list(x1 = c(2, 2, 2, 2, 2, 2, 4, 4, 4, 4, 4, 4, 6, 
6, 6, 6, 6, 6), x2 = c(50, 50, 75, 75, 100, 100, 50, 50, 75, 
75, 100, 100, 50, 50, 75, 75, 100, 100), y = c(4.7, 2.68, 5.52, 
3.75, 3.98, 4.22, 6.35, 6.1, 5.88, 7.69, 6.28, 7.12, 7.85, 9.25, 
9, 9.78, 11.43, 9.62)), .Names = c("x1", "x2", "y"), class = "data.frame", row.names = c("1", 
"2", "3", "4", "5", "6", "7", "8", "9", "10", "11", "12", "13", 
"14", "15", "16", "17", "18"))
