"p13.1" <-
structure(list(x = c(400, 220, 490, 210, 500, 270, 200, 470, 
480, 310, 240, 490, 420, 330, 280, 210, 300, 470, 230, 430, 460, 
220, 250, 200, 390), y = c(0, 1, 0, 1, 0, 0, 1, 0, 0, 1, 1, 0, 
0, 1, 1, 1, 1, 1, 0, 0, 0, 1, 1, 1, 0)), .Names = c("x", "y"), class = "data.frame", row.names = c("1", 
"2", "3", "4", "5", "6", "7", "8", "9", "10", "11", "12", "13", 
"14", "15", "16", "17", "18", "19", "20", "21", "22", "23", "24", 
"25"))
