"p13.2" <-
structure(list(x = c(38000, 51200, 39600, 43400, 47700, 53000, 
41500, 40800, 45400, 52400, 38700, 40100, 49500, 38000, 42000, 
54000, 51700, 39400, 40900, 52800), y = c(0, 1, 0, 1, 0, 0, 1, 
0, 1, 1, 1, 0, 1, 0, 1, 1, 1, 0, 0, 1)), .Names = c("x", "y"), class = "data.frame", row.names = c("1", 
"2", "3", "4", "5", "6", "7", "8", "9", "10", "11", "12", "13", 
"14", "15", "16", "17", "18", "19", "20"))
