"p13.3" <-
structure(list(x = c(2500, 2700, 2900, 3100, 3300, 3500, 3700, 
3900, 4100, 4300), n = c(50, 70, 100, 60, 40, 85, 90, 50, 80, 
65), r = c(10, 17, 30, 21, 18, 43, 54, 33, 60, 51)), .Names = c("x", 
"n", "r"), class = "data.frame", row.names = c("1", "2", "3", 
"4", "5", "6", "7", "8", "9", "10"))
