"p13.4" <-
structure(list(x = c(5, 7, 9, 11, 13, 15, 17, 19, 21, 23, 25), 
    n = c(500, 500, 500, 500, 500, 500, 500, 500, 500, 500, 500
    ), r = c(100, 122, 147, 176, 211, 244, 277, 310, 343, 372, 
    391)), .Names = c("x", "n", "r"), class = "data.frame", row.names = c("1", 
"2", "3", "4", "5", "6", "7", "8", "9", "10", "11"))
