"p13.5" <-
structure(list(x1 = c(45000, 40000, 60000, 50000, 55000, 37000, 
31000, 40000, 75000, 43000, 50000, 35000, 65000, 53000, 48000, 
49000, 37500, 71000, 34000, 27000), x2 = c(2, 4, 3, 2, 2, 5, 
7, 4, 2, 9, 5, 7, 2, 2, 1, 2, 4, 1, 5, 6), y = c(0, 0, 1, 1, 
0, 1, 1, 1, 0, 1, 1, 1, 1, 0, 0, 0, 1, 0, 0, 0)), .Names = c("x1", 
"x2", "y"), class = "data.frame", row.names = c("1", "2", "3", 
"4", "5", "6", "7", "8", "9", "10", "11", "12", "13", "14", "15", 
"16", "17", "18", "19", "20"))
