"p13.20" <-
structure(list(yhat = c(0.4789, 0.4789, 0.4789, 0.6016, 0.6016, 
0.6016, 0.7558, 0.7558, 0.7558, 0.9495, 0.9495, 0.9495, 1.1929, 
1.1929, 1.1929, 0.9495, 0.9495, 0.9495, 1.8829, 1.8829, 1.8829, 
2.9719, 2.9719, 2.9719, 1.1929, 1.1929, 1.1929, 4.6907, 4.6907, 
4.6907), resdev = c(-0.9786, 0.6561, -0.9786, -1.0969, -1.0969, 
-1.0969, 0.2675, -1.2295, -1.2295, 0.9374, -1.3781, 0.0513, -0.1818, 
-0.1818, 0.6729, 1.6737, 0.0513, 0.0513, -0.7072, 0.0845, -1.9406, 
-1.3287, -1.3287, -0.5996, 2.5915, -0.1818, 1.3853, 0.1413, 0.1413, 
0.993)), .Names = c("yhat", "resdev"), class = "data.frame", row.names = c("1", 
"2", "3", "4", "5", "6", "7", "8", "9", "10", "11", "12", "13", 
"14", "15", "16", "17", "18", "19", "20", "21", "22", "23", "24", 
"25", "26", "27", "28", "29", "30"))
