"p13.6" <-
structure(list(valve = c(1, 2, 3, 4, 5, 6, 7, 8, 9, 10, 11, 12, 
13, 14, 15), numfail = c(5, 3, 0, 1, 4, 0, 0, 1, 0, 0, 0, 1, 
0, 7, 0), months = c(18, 15, 11, 14, 23, 10, 5, 8, 7, 12, 3, 
7, 2, 30, 9)), .Names = c("valve", "numfail", "months"), class = "data.frame", row.names = c("1", 
"2", "3", "4", "5", "6", "7", "8", "9", "10", "11", "12", "13", 
"14", "15"))
