"p13.16" <-
structure(list(X1 = c(-1, 1, -1, 1, -1, 1, -1, 1, -1, 1, -1, 
1, -1, 1, -1, 1), X2 = c(-1, -1, 1, 1, -1, -1, 1, 1, -1, -1, 
1, 1, -1, -1, 1, 1), X3 = c(-1, -1, -1, -1, 1, 1, 1, 1, -1, -1, 
-1, -1, 1, 1, 1, 1), X4 = c(-1, -1, -1, -1, -1, -1, -1, -1, 1, 
1, 1, 1, 1, 1, 1, 1), Y = c(1.68, 1.98, 3.28, 3.44, 4.98, 5.7, 
9.97, 9.07, 2.07, 2.44, 4.09, 4.53, 7.77, 9.43, 11.75, 16.3)), .Names = c("X1", 
"X2", "X3", "X4", "Y"), class = "data.frame", row.names = c("1", 
"2", "3", "4", "5", "6", "7", "8", "9", "10", "11", "12", "13", 
"14", "15", "16"))
