"p14.2" <-
structure(list(t = c(1, 2, 3, 4, 5, 6, 7, 8, 9, 10, 11, 12, 13, 
14, 15, 16, 17, 18), xt = c(5, 5.06, 5.12, 5.1, 5.35, 5.57, 5.61, 
5.8, 6.04, 6.16, 6.22, 6.31, 6.38, 6.54, 6.68, 6.73, 6.89, 6.97
), yt = c(0.318, 0.33, 0.356, 0.334, 0.386, 0.455, 0.46, 0.527, 
0.598, 0.65, 0.685, 0.713, 0.724, 0.775, 0.782, 0.796, 0.859, 
0.883)), .Names = c("t", "xt", "yt"), row.names = c("1", "2", 
"3", "4", "5", "6", "7", "8", "9", "10", "11", "12", "13", "14", 
"15", "16", "17", "18"), class = "data.frame")
