"p14.1" <-
structure(list(x = c(15.93, 16.26, 15.94, 16.81, 15.67, 16.47, 
15.66, 16.94, 16.6, 17.16, 17.77, 18.05, 16.78, 18.17, 17.25), 
    y = c(100, 98, 100, 89, 95, 87, 93, 82, 85, 83, 81, 79, 90, 
    77, 78), time = c(1, 2, 3, 4, 5, 6, 7, 8, 9, 10, 11, 12, 
    13, 14, 15)), .Names = c("x", "y", "time"), class = "data.frame", row.names = c("1", 
"2", "3", "4", "5", "6", "7", "8", "9", "10", "11", "12", "13", 
"14", "15"))
