"p15.4" <-
structure(list(x1 = c(7, 3, 3, 4, 6, 7, 2, 7, 30, 5, 16, 10, 
4, 6, 9, 10, 6, 7, 3, 17, 10, 26, 9, 8, 4, 22, 7, 15, 5, 6, 6, 
10, 4, 1, 3, 12, 10, 7, 8, 32), x2 = c(560, 220, 340, 80, 150, 
330, 110, 210, 1460, 605, 688, 215, 255, 462, 448, 776, 200, 
132, 36, 770, 140, 810, 450, 635, 150, 905, 520, 290, 500, 1000, 
225, 775, 212, 144, 126, 655, 420, 150, 360, 1530), y = c(16.68, 
11.5, 12.03, 14.88, 13.75, 18.11, 8, 17.83, 79.24, 21.5, 40.33, 
21, 13.5, 19.75, 24, 29, 15.35, 19, 9.5, 35.1, 17.9, 52.32, 18.75, 
19.83, 10.75, 51, 16.8, 26.16, 19.9, 24, 18.55, 31.93, 16.95, 
7, 14, 37.03, 18.62, 16.1, 24.38, 64.75), set = structure(c(1, 
1, 2, 1, 2, 2, 2, 1, 1, 2, 1, 2, 1, 2, 1, 1, 1, 2, 2, 1, 2, 2, 
1, 2, 1, 2, 2, 1, 1, 2, 2, 2, 1, 1, 2, 2, 1, 1, 2, 1), .Label = c("e", 
"p"), class = "factor")), .Names = c("x1", "x2", "y", "set"), class = "data.frame", row.names = c("1", 
"2", "3", "4", "5", "6", "7", "8", "9", "10", "11", "12", "13", 
"14", "15", "16", "17", "18", "19", "20", "21", "22", "23", "24", 
"25", "26", "27", "28", "29", "30", "31", "32", "33", "34", "35", 
"36", "37", "38", "39", "40"))
