"p2.12" <-
structure(list(temp = c(21, 24, 32, 47, 50, 59, 68, 74, 62, 50, 
41, 30), usage = c(185.79, 214.47, 288.03, 424.84, 454.68, 539.03, 
621.55, 675.06, 562.03, 452.93, 369.95, 273.98)), .Names = c("temp", 
"usage"), class = "data.frame", row.names = c("1", "2", "3", 
"4", "5", "6", "7", "8", "9", "10", "11", "12"))
