"p2.16" <-
structure(list(volume = c(2084, 2084, 2273, 2273, 2273, 2463, 
2463, 2651, 2652, 2652, 2842, 2842, 3030, 3031, 3031, 3221, 3221, 
3409, 3410, 3600, 3600, 3788, 3789, 3789, 3979, 3979, 4167, 4168, 
4168, 4358, 4358, 4546, 4547), pressure = c(4599, 4600, 5044, 
5043, 5044, 5488, 5487, 5931, 5932, 5932, 6380, 6380, 6818, 6817, 
6818, 7266, 7268, 7709, 7710, 8156, 8158, 8597, 8599, 8600, 9048, 
9048, 9484, 9487, 9487, 9936, 9938, 10377, 10379)), .Names = c("volume", 
"pressure"), row.names = c("1", "2", "3", "4", "5", "6", "7", 
"8", "9", "10", "11", "12", "13", "14", "15", "16", "17", "18", 
"19", "20", "21", "22", "23", "24", "25", "26", "27", "28", "29", 
"30", "31", "32", "33"), class = "data.frame")
