"p2.13" <-
structure(list(days = c(91, 105, 10, 10, 8, 91, 58, 82, 81, 65, 
61, 48, 61, 43, 33, 36), index = c(16.7, 17.1, 18.2, 18.1, 17.2, 
18.2, 16, 17.2, 18, 17.2, 16.9, 17.1, 18.2, 17.3, 17.5, 16.6)), .Names = c("days", 
"index"), class = "data.frame", row.names = c("1", "2", "3", 
"4", "5", "6", "7", "8", "9", "10", "11", "12", "13", "14", "15", 
"16"))
