"p2.14" <-
structure(list(ratio = c(1, 0.9, 0.8, 0.7, 0.6, 0.5, 0.4, 0.3
), visc = c(0.45, 0.2, 0.34, 0.58, 0.7, 0.57, 0.55, 0.44)), .Names = c("ratio", 
"visc"), class = "data.frame", row.names = c("1", "2", "3", "4", 
"5", "6", "7", "8"))
