"p2.7" <-
structure(list(purity = c(86.91, 89.85, 90.28, 86.34, 92.58, 
87.33, 86.29, 91.86, 95.61, 89.86, 96.73, 99.42, 98.66, 96.07, 
93.65, 87.31, 95, 96.85, 85.2, 90.56), hydro = c(1.02, 1.11, 
1.43, 1.11, 1.01, 0.95, 1.11, 0.87, 1.43, 1.02, 1.46, 1.55, 1.55, 
1.55, 1.4, 1.15, 1.01, 0.99, 0.95, 0.98)), .Names = c("purity", 
"hydro"), class = "data.frame", row.names = c("1", "2", "3", 
"4", "5", "6", "7", "8", "9", "10", "11", "12", "13", "14", "15", 
"16", "17", "18", "19", "20"))
