"p4.19" <-
structure(list(x1 = c(-1, 1, -1, 1, -1, 1, -1, 1, 0, 0, 0, 0, 
0, 0), x2 = c(-1, -1, 1, 1, -1, -1, 1, 1, 0, 0, 0, 0, 0, 0), 
    x3 = c(1, -1, -1, 1, -1, 1, 1, -1, 0, 0, 0, 0, 0, 0), y = c(102, 
    120, 117, 198, 103, 132, 132, 139, 133, 133, 140, 142, 145, 
    142)), .Names = c("x1", "x2", "x3", "y"), class = "data.frame", row.names = c("1", 
"2", "3", "4", "5", "6", "7", "8", "9", "10", "11", "12", "13", 
"14"))
