"p4.18" <-
structure(list(x1 = c(-1, -1, -1, 1, -1, 1, -1, 1, 0, 0, 0, 0, 
0), x2 = c(-1, -1, 1, 1, -1, -1, 1, 1, 0, 0, 0, 0, 0), x3 = c(-1, 
-1, -1, -1, 1, 1, 1, 1, 0, 0, 0, 0, 0), y = c(17, 44, 19, 46, 
7, 55, 15, 41, 29, 28.5, 30, 27, 28)), .Names = c("x1", "x2", 
"x3", "y"), class = "data.frame", row.names = c("1", "2", "3", 
"4", "5", "6", "7", "8", "9", "10", "11", "12", "13"))
