"p4.20" <-
structure(list(acidtemp = c(35, 35, 35, 35, 35, 35, 35, 35, 55, 
55, 55, 55, 55, 55, 55, 55, 25, 65, 45, 45, 45, 45, 45, 45, 45, 
45), acidconc = c(0.3, 0.3, 0.3, 0.3, 0.7, 0.7, 0.7, 0.7, 0.3, 
0.3, 0.3, 0.3, 0.7, 0.7, 0.7, 0.7, 0.5, 0.5, 0.1, 0.9, 0.5, 0.5, 
0.5, 0.5, 0.5, 0.5), watertemp = c(82, 82, 88, 88, 82, 82, 88, 
88, 82, 82, 88, 88, 82, 82, 88, 88, 85, 85, 85, 85, 79, 91, 85, 
85, 85, 85), sulfconc = c(0.2, 0.3, 0.2, 0.3, 0.2, 0.3, 0.2, 
0.3, 0.2, 0.3, 0.2, 0.3, 0.2, 0.3, 0.2, 0.3, 0.25, 0.25, 0.25, 
0.25, 0.25, 0.25, 0.15, 0.35, 0.25, 0.25), amtbl = c(0.3, 0.5, 
0.5, 0.3, 0.5, 0.3, 0.3, 0.5, 0.5, 0.3, 0.3, 0.5, 0.3, 0.5, 0.5, 
0.3, 0.4, 0.4, 0.4, 0.4, 0.4, 0.4, 0.4, 0.4, 0.2, 0.6), y = c(76.5, 
76, 79.9, 83.5, 89.5, 84.2, 85.7, 99.5, 89.4, 97.5, 103.2, 108.7, 
115.2, 111.5, 102.3, 108.1, 80.2, 89.1, 77.2, 85.1, 71.5, 84.5, 
77.5, 79.2, 71, 90.2)), .Names = c("acidtemp", "acidconc", "watertemp", 
"sulfconc", "amtbl", "y"), class = "data.frame", row.names = c("1", 
"2", "3", "4", "5", "6", "7", "8", "9", "10", "11", "12", "13", 
"14", "15", "16", "17", "18", "19", "20", "21", "22", "23", "24", 
"25", "26"))
