"p5.1" <-
structure(list(temp = c(24.9, 35, 44.9, 55.1, 65.2, 75.2, 85.2, 
95.2), visc = c(1.133, 0.9772, 0.8532, 0.755, 0.6723, 0.6021, 
0.542, 0.5074)), .Names = c("temp", "visc"), class = "data.frame", row.names = c("1", 
"2", "3", "4", "5", "6", "7", "8"))
