"p5.11" <-
structure(list(x1 = c(-1, -1, -1, -1, 1, 1, 1, 1), x2 = c(-1, 
-1, 1, 1, -1, -1, 1, 1), x3 = c(-1, 1, -1, 1, -1, 1, -1, 1), 
    x4 = c(-1, 1, 1, -1, 1, -1, -1, 1), yi1 = c(28, 46.3, 21.9, 
    52.9, 75, 127.7, 86.2, 195), yi2 = c(27.1, 43.5, 21, 53.7, 
    73.1, 126.9, 86.5, 195.9), yi3 = c(26.2, 46.5, 20.1, 52, 
    74.3, 128.7, 87, 195.7)), .Names = c("x1", "x2", "x3", "x4", 
"yi1", "yi2", "yi3"), class = "data.frame", row.names = c("1", 
"2", "3", "4", "5", "6", "7", "8"))
