"p5.10" <-
structure(list(x1 = c(-1, 0, 1, -1, 0, 1, -1, 0, 1, -1, 0, 1, 
-1, 0, 1, -1, 0, 1, -1, 0, 1, -1, 0, 1, -1, 0, 1), x2 = c(-1, 
-1, -1, 0, 0, 0, 1, 1, 1, -1, -1, -1, 0, 0, 0, 1, 1, 1, -1, -1, 
-1, 0, 0, 0, 1, 1, 1), x3 = c(-1, -1, -1, -1, -1, -1, -1, -1, 
-1, 0, 0, 0, 0, 0, 0, 0, 0, 0, 1, 1, 1, 1, 1, 1, 1, 1, 1), yi1 = c(34, 
115, 192, 82, 44, 322, 141, 259, 290, 81, 90, 319, 180, 372, 
541, 288, 432, 713, 364, 232, 408, 182, 507, 846, 236, 660, 878
), yi2 = c(10, 116, 186, 88, 178, 350, 110, 251, 280, 81, 122, 
376, 180, 372, 568, 192, 336, 725, 99, 221, 415, 233, 515, 535, 
126, 440, 991), yi3 = c(28, 130, 263, 88, 188, 350, 86, 259, 
245, 81, 93, 376, 154, 372, 396, 312, 513, 754, 199, 266, 443, 
182, 434, 640, 168, 403, 1161), ybar.i = c(24, 120.3333333, 213.6666667, 
86, 136.6666667, 340.6666667, 112.3333333, 256.3333333, 271.6666667, 
81, 101.6666667, 357, 171.3333333, 372, 501.6666667, 264, 427, 
730.6666667, 220.6666667, 239.6666667, 422, 199, 485.3333333, 
673.6666667, 176.6666667, 501, 1010), si = c(12.5, 8.4, 42.8, 
3.7, 80.4, 16.2, 27.6, 4.6, 23.6, 0, 17.7, 32.9, 15, 0, 92.5, 
63.5, 88.6, 21.1, 133.8, 23.5, 18.5, 29.4, 44.6, 158.2, 55.5, 
138.9, 142.5)), .Names = c("x1", "x2", "x3", "yi1", "yi2", "yi3", 
"ybar.i", "si"), class = "data.frame", row.names = c("1", "2", 
"3", "4", "5", "6", "7", "8", "9", "10", "11", "12", "13", "14", 
"15", "16", "17", "18", "19", "20", "21", "22", "23", "24", "25", 
"26", "27"))
