"p5.2" <-
structure(list(temp = c(273, 283, 293, 303, 313, 323, 333, 343, 
353, 363, 373), vapor = c(4.6, 9.2, 17.5, 31.8, 55.3, 92.5, 149.4, 
233.7, 355.1, 525.8, 760)), .Names = c("temp", "vapor"), class = "data.frame", row.names = c("1", 
"2", "3", "4", "5", "6", "7", "8", "9", "10", "11"))
