"p5.3" <-
structure(list(bact = c(175, 108, 95, 82, 71, 50, 49, 31, 28, 
17, 16, 11), min = c(1, 2, 3, 4, 5, 6, 7, 8, 9, 10, 11, 12)), .Names = c("bact", 
"min"), class = "data.frame", row.names = c("1", "2", "3", "4", 
"5", "6", "7", "8", "9", "10", "11", "12"))
