"p5.4" <-
structure(list(x = c(10, 15, 18, 12, 9, 8, 11, 6), y = c(0.17, 
0.13, 0.09, 0.15, 0.2, 0.21, 0.18, 0.24)), .Names = c("x", "y"
), class = "data.frame", row.names = c("1", "2", "3", "4", "5", 
"6", "7", "8"))
