"p5.5" <-
structure(list(defects = c(13, 16.1, 14.5, 17.8, 22, 27.4, 16.8, 
34.2, 65.6, 49.2, 66.2, 81.2, 87.4, 114.5), weeks = c(4, 5, 6, 
7, 8, 9, 10, 11, 12, 13, 14, 15, 16, 17)), .Names = c("defects", 
"weeks"), class = "data.frame", row.names = c("1", "2", "3", 
"4", "5", "6", "7", "8", "9", "10", "11", "12", "13", "14"))
