"p7.11" <-
structure(list(x = c(100, 120, 140, 160, 180, 200, 220, 240, 
260, 280, 300), y = c(9.73, 9.61, 8.15, 6.98, 5.87, 4.98, 5.09, 
4.79, 4.02, 4.46, 3.82)), .Names = c("x", "y"), class = "data.frame", row.names = c("1", 
"2", "3", "4", "5", "6", "7", "8", "9", "10", "11"))
