"p7.16" <-
structure(list(y = c(0.222, 0.395, 0.422, 0.437, 0.428, 0.467, 
0.444, 0.378, 0.494, 0.456, 0.452, 0.112, 0.432, 0.101, 0.232, 
0.306, 0.0923, 0.116, 0.0764, 0.439, 0.0944, 0.117, 0.0726, 0.0412, 
0.251, 2e-05), x1 = c(7.3, 8.7, 8.8, 8.1, 9, 8.7, 9.3, 7.6, 10, 
8.4, 9.3, 7.7, 9.8, 7.3, 8.5, 9.5, 7.4, 7.8, 7.7, 10.3, 7.8, 
7.1, 7.7, 7.4, 7.3, 7.6), x2 = c(0, 0, 0.7, 4, 0.5, 1.5, 2.1, 
5.1, 0, 3.7, 3.6, 2.8, 4.2, 2.5, 2, 2.5, 2.8, 2.8, 3, 1.7, 3.3, 
3.9, 4.3, 6, 2, 7.8), x3 = c(0, 0.3, 1, 0.2, 1, 2.8, 1, 3.4, 
0.3, 4.1, 2, 7.1, 2, 6.8, 6.6, 5, 7.8, 7.7, 8, 4.2, 8.5, 6.6, 
9.5, 10.9, 5.2, 20.7)), .Names = c("y", "x1", "x2", "x3"), class = "data.frame", row.names = c("1", 
"2", "3", "4", "5", "6", "7", "8", "9", "10", "11", "12", "13", 
"14", "15", "16", "17", "18", "19", "20", "21", "22", "23", "24", 
"25", "26"))
