"p7.15" <-
structure(list(y = c(9.2, 17.5, 31.8, 55.3, 92.5, 149.4), x = c(10, 
20, 30, 40, 50, 60)), .Names = c("y", "x"), class = "data.frame", row.names = c("1", 
"2", "3", "4", "5", "6"))
