"p7.1" <-
structure(list(x = c(1, 1.7, 1.25, 1.2, 1.45, 1.85, 1.6, 1.5, 
1.95, 2)), .Names = "x", class = "data.frame", row.names = c("1", 
"2", "3", "4", "5", "6", "7", "8", "9", "10"))
