"p7.19" <-
structure(list(x = c(1700, 1720, 1730, 1740, 1750, 1760, 1770, 
1780, 1790, 1795), y = c(16, 15.8, 15.6, 15.5, 14.8, 14, 13.5, 
13, 12, 11)), .Names = c("x", "y"), row.names = c("1", "2", "3", 
"4", "5", "6", "7", "8", "9", "10"), class = "data.frame")
