"p7.2" <-
structure(list(x = c(0.25, 0.5, 0.75, 1, 1.25, 1.5, 1.75, 2, 
2.25, 2.5), y = c(1.42, 1.39, 1.55, 1.89, 2.43, 3.15, 4.05, 5.15, 
6.43, 7.89)), .Names = c("x", "y"), class = "data.frame", row.names = c("1", 
"2", "3", "4", "5", "6", "7", "8", "9", "10"))
