"p7.4" <-
structure(list(x = c(4, 4, 4, 5, 5, 6, 6.5, 6.5, 6.75, 7, 7.1, 
7.3), y = c(24.6, 24.71, 23.9, 39.5, 39.6, 57.12, 67.11, 67.24, 
67.15, 77.87, 80.11, 84.67)), .Names = c("x", "y"), class = "data.frame", row.names = c("1", 
"2", "3", "4", "5", "6", "7", "8", "9", "10", "11", "12"))
