"p7.6" <-
structure(list(y = c(2.6, 2.4, 17.32, 15.6, 16.12, 5.36, 6.19, 
10.17, 2.62, 2.98, 6.92, 7.06), x1 = c(31, 31, 31.5, 31.5, 31.5, 
30.5, 31.5, 30.5, 31, 30.5, 31, 30.5), x2 = c(21, 21, 24, 24, 
24, 22, 22, 23, 21.5, 21.5, 22.5, 22.5)), .Names = c("y", "x1", 
"x2"), class = "data.frame", row.names = c("1", "2", "3", "4", 
"5", "6", "7", "8", "9", "10", "11", "12"))
