"p8.11" <-
structure(list(y = c(7, 7, 15, 11, 9, 12, 17, 12, 18, 18, 14, 
18, 18, 19, 19, 19, 25, 22, 19, 23, 7, 10, 11, 15, 11), percent = c(15, 
15, 15, 15, 15, 20, 20, 20, 20, 20, 25, 25, 25, 25, 25, 30, 30, 
30, 30, 30, 35, 35, 35, 35, 35)), .Names = c("y", "percent"), class = "data.frame", row.names = c("1", 
"2", "3", "4", "5", "6", "7", "8", "9", "10", "11", "12", "13", 
"14", "15", "16", "17", "18", "19", "20", "21", "22", "23", "24", 
"25"))
