"p9.10" <-
structure(list(y = c(0.8293, 1.11394, 1.16879, 1.10037, 0.91645, 
1.02816, 0.86213, 1.10278, 1.09968, 1.31387, 0.55388, 0.8451, 
1.4183, 1.06707, 0.88479, 1.08814, -0.11919, 0.13033, 0.15836, 
0.20412, 0.04139, 0.07058, 0.07918, 0.25181, 0.14267, 0.3279, 
0.48149, 0.58503, 0.11919, 0.09691, 0.30102), x1 = c(0.44716, 
0.14613, 0.14613, 0.51851, 0.23045, 0.4624, 0.5682, 0.23045, 
-0.03621, -0.16749, 0.77815, 0.63347, -0.22185, 0.25537, 0.77815, 
0.64345, 1.94448, 1.79239, 1.69897, 1.76343, 1.95424, 1.81954, 
2.14613, 2.38021, 2.62325, 2.69897, 2.25527, 2.43136, 2.23045, 
1.99123, 1.54407), x2 = c(4.68, 5.19, 4.82, 4.85, 4.86, 5.16, 
4.82, 4.86, 4.78, 5.16, 4.57, 4.61, 5.07, 4.66, 5.42, 5.01, 4.97, 
4.01, 4.96, 5.2, 4.8, 4.98, 5.35, 5.04, 4.8, 4.83, 4.66, 4.67, 
4.72, 5, 4.7), x3 = c(4.87, 4.5, 4.73, 4.76, 4.95, 4.45, 5.05, 
4.7, 4.84, 4.76, 4.82, 4.65, 5.1, 5.09, 4.41, 4.74, 4.66, 4.72, 
4.9, 4.7, 4.6, 4.69, 4.76, 4.8, 4.8, 4.6, 4.72, 4.5, 4.7, 5.07, 
4.8), x4 = c(-1, -1, -1, -1, -1, -1, -1, -1, -1, -1, -1, -1, 
-1, -1, -1, -1, 1, 1, 1, 1, 1, 1, 1, 1, 1, 1, 1, 1, 1, 1, 1), 
    x5 = c(8.4, 6.5, 7.9, 8.3, 8.4, 7.4, 6.8, 8.6, 6.7, 7.7, 
    7.4, 6.7, 7.5, 8.2, 5.8, 7.1, 6.5, 8, 6.8, 8.2, 6.6, 6.4, 
    7.3, 7.8, 7.4, 6.7, 7.2, 6.3, 6.8, 7.2, 7.7), x6 = c(4.916, 
    4.563, 5.321, 4.865, 3.776, 4.397, 4.867, 4.828, 4.865, 4.034, 
    5.45, 4.853, 4.257, 5.144, 3.718, 4.715, 4.625, 4.977, 4.322, 
    5.087, 5.971, 4.647, 5.115, 5.939, 5.916, 5.471, 4.602, 5.043, 
    5.075, 4.334, 5.705)), .Names = c("y", "x1", "x2", "x3", 
"x4", "x5", "x6"), class = "data.frame", row.names = c("1", "2", 
"3", "4", "5", "6", "7", "8", "9", "10", "11", "12", "13", "14", 
"15", "16", "17", "18", "19", "20", "21", "22", "23", "24", "25", 
"26", "27", "28", "29", "30", "31"))
