"softdrink" <-
structure(list(y = c(16.68, 11.5, 12.03, 14.88, 13.75, 18.11, 
8, 17.83, 79.24, 21.5, 40.33, 21, 13.5, 19.75, 24, 29, 15.35, 
19, 9.5, 35.1, 17.9, 52.32, 18.75, 19.83, 10.75), x1 = c(7, 3, 
3, 4, 6, 7, 2, 7, 30, 5, 16, 10, 4, 6, 9, 10, 6, 7, 3, 17, 10, 
26, 9, 8, 4), x2 = c(560, 220, 340, 80, 150, 330, 110, 210, 1460, 
605, 688, 215, 255, 462, 448, 776, 200, 132, 36, 770, 140, 810, 
450, 635, 150)), .Names = c("y", "x1", "x2"), class = "data.frame", row.names = c("1", 
"2", "3", "4", "5", "6", "7", "8", "9", "10", "11", "12", "13", 
"14", "15", "16", "17", "18", "19", "20", "21", "22", "23", "24", 
"25"))
