"solar" <-
structure(list(total.heat.flux = c(271.8, 264, 238.8, 230.7, 
251.6, 257.9, 263.9, 266.5, 229.1, 239.3, 258, 257.6, 267.3, 
267, 259.6, 240.4, 227.2, 196, 278.7, 272.3, 267.4, 254.5, 224.7, 
181.5, 227.5, 253.6, 263, 265.8, 263.8), insolation = c(783.35, 
748.45, 684.45, 827.8, 860.45, 875.15, 909.45, 905.55, 756, 769.35, 
793.5, 801.65, 819.65, 808.55, 774.95, 711.85, 694.85, 638.1, 
774.55, 757.9, 753.35, 704.7, 666.8, 568.55, 653.1, 704.05, 709.6, 
726.9, 697.15), focal.pt.east = c(33.53, 36.5, 34.66, 33.13, 
35.75, 34.46, 34.6, 35.38, 35.85, 35.68, 35.35, 35.04, 34.07, 
32.2, 34.32, 31.08, 35.73, 34.11, 34.79, 35.77, 36.44, 37.82, 
35.07, 35.26, 35.56, 35.73, 36.46, 36.26, 37.2), focal.pt.south = c(40.55, 
36.19, 37.31, 32.52, 33.71, 34.14, 34.85, 35.89, 33.53, 33.79, 
34.72, 35.22, 36.5, 37.6, 37.89, 37.71, 37, 36.76, 34.62, 35.4, 
35.96, 36.26, 36.34, 35.9, 31.84, 33.16, 33.83, 34.89, 36.27), 
    focal.pt.north = c(16.66, 16.46, 17.66, 17.5, 16.4, 16.28, 
    16.06, 15.93, 16.6, 16.41, 16.17, 15.92, 16.04, 16.19, 16.62, 
    17.37, 18.12, 18.53, 15.54, 15.7, 16.45, 17.62, 18.12, 19.05, 
    16.51, 16.02, 15.89, 15.83, 16.71), time.of.day = c(13.2, 
    14.11, 15.68, 10.53, 11, 11.31, 11.96, 12.58, 10.66, 10.85, 
    11.41, 11.91, 12.85, 13.58, 14.21, 15.56, 15.83, 16.41, 13.1, 
    13.63, 14.51, 15.38, 16.1, 16.73, 10.58, 11.28, 11.91, 12.65, 
    14.06)), .Names = c("total.heat.flux", "insolation", "focal.pt.east", 
"focal.pt.south", "focal.pt.north", "time.of.day"), class = "data.frame", row.names = c("1", 
"2", "3", "4", "5", "6", "7", "8", "9", "10", "11", "12", "13", 
"14", "15", "16", "17", "18", "19", "20", "21", "22", "23", "24", 
"25", "26", "27", "28", "29"))
