"table.b12" <-
structure(list(temp = c(1650, 1650, 1650, 1650, 1600, 1600, 1650, 
1650, 1650, 1650, 1650, 1650, 1650, 1650, 1650, 1650, 1650, 1650, 
1650, 1650, 1650, 1650, 1650, 1650, 1650, 1650, 1650, 1700, 1650, 
1650, 1700, 1700), soaktime = c(0.58, 0.66, 0.66, 0.66, 0.66, 
0.66, 0.66, 1, 1.17, 1.17, 1.17, 1.17, 1.17, 1.2, 2, 2, 2.2, 
2.2, 2.2, 2.2, 2.2, 2.2, 3, 3, 3, 3, 3.33, 4, 4, 4, 12.5, 18.5
), soakpct = c(1.1, 1.1, 1.1, 1.1, 1.15, 1.15, 1.1, 1.1, 1.1, 
1.1, 1.1, 1.1, 1.15, 1.15, 1.15, 1.1, 1.1, 1.1, 1.15, 1.1, 1.1, 
1.1, 1.15, 1.1, 1.1, 1.15, 1.1, 1.1, 1.1, 1.15, 1, 1), difftime = c(0.25, 
0.33, 0.33, 0.33, 0.33, 0.33, 0.5, 0.58, 0.58, 0.58, 0.58, 0.58, 
0.58, 1.1, 1, 1.1, 1.1, 1.1, 1.1, 1.1, 1.1, 1.5, 1.5, 1.5, 1.5, 
1.66, 1.5, 1.5, 1.5, 1.5, 1.5, 1.5), diffpct = c(0.9, 0.9, 0.9, 
0.95, 1, 1, 0.8, 0.8, 0.8, 0.8, 0.9, 0.9, 0.9, 0.8, 0.8, 0.8, 
0.8, 0.8, 0.8, 0.9, 0.9, 0.9, 0.8, 0.7, 0.75, 0.85, 0.8, 0.7, 
0.7, 0.85, 0.7, 0.7), pitch = c(0.013, 0.016, 0.015, 0.016, 0.015, 
0.016, 0.014, 0.021, 0.018, 0.019, 0.021, 0.019, 0.021, 0.025, 
0.025, 0.026, 0.024, 0.025, 0.024, 0.025, 0.027, 0.026, 0.029, 
0.03, 0.028, 0.032, 0.033, 0.039, 0.04, 0.035, 0.056, 0.068)), .Names = c("temp", 
"soaktime", "soakpct", "difftime", "diffpct", "pitch"), class = "data.frame", row.names = c("1", 
"2", "3", "4", "5", "6", "7", "8", "9", "10", "11", "12", "13", 
"14", "15", "16", "17", "18", "19", "20", "21", "22", "23", "24", 
"25", "26", "27", "28", "29", "30", "31", "32"))
