"table.b5" <-
structure(list(y = c(36.98, 13.74, 10.08, 8.53, 36.42, 26.59, 
19.07, 5.96, 15.52, 56.61, 26.72, 20.8, 6.99, 45.93, 43.09, 15.79, 
21.6, 35.19, 26.14, 8.6, 11.63, 9.59, 4.42, 38.89, 11.19, 75.62, 
36.03), x1 = c(5.1, 26.4, 23.8, 46.4, 7, 12.6, 18.9, 30.2, 53.8, 
5.6, 15.1, 20.3, 48.4, 5.8, 11.2, 27.9, 5.1, 11.7, 16.7, 24.8, 
24.9, 39.5, 29, 5.5, 11.5, 5.2, 10.6), x2 = c(400, 400, 400, 
400, 450, 450, 450, 450, 450, 400, 400, 400, 400, 425, 425, 425, 
450, 450, 450, 450, 450, 450, 450, 460, 450, 470, 470), x3 = c(51.37, 
72.33, 71.44, 79.15, 80.47, 89.9, 91.48, 98.6, 98.05, 55.69, 
66.29, 58.94, 74.74, 63.71, 67.14, 77.65, 67.22, 81.48, 83.88, 
89.38, 79.77, 87.93, 79.5, 72.73, 77.88, 75.5, 83.15), x4 = c(4.24, 
30.87, 33.01, 44.61, 33.84, 41.26, 41.88, 70.79, 66.82, 8.92, 
17.98, 17.79, 33.94, 11.95, 14.73, 34.49, 14.48, 29.69, 26.33, 
37.98, 25.66, 22.36, 31.52, 17.86, 25.2, 8.66, 22.39), x5 = c(1484.83, 
289.94, 320.79, 164.76, 1097.26, 605.06, 405.37, 253.7, 142.27, 
1362.24, 507.65, 377.6, 158.05, 130.66, 682.59, 274.2, 1496.51, 
652.43, 458.42, 312.25, 307.08, 193.61, 155.96, 1392.08, 663.09, 
1464.11, 720.07), x6 = c(2227.25, 434.9, 481.19, 247.14, 1645.89, 
907.59, 608.05, 380.55, 213.4, 2043.36, 761.48, 566.4, 237.08, 
1961.49, 1023.89, 411.3, 2244.77, 978.64, 687.62, 468.38, 460.62, 
290.42, 233.95, 2088.12, 994.63, 2196.17, 1080.11), x7 = c(2.06, 
1.33, 0.97, 0.62, 0.22, 0.76, 1.71, 3.93, 1.97, 5.08, 0.6, 0.9, 
0.63, 2.04, 1.57, 2.38, 0.32, 0.44, 8.82, 0.02, 1.72, 1.88, 1.43, 
1.35, 1.61, 4.78, 5.88)), .Names = c("y", "x1", "x2", "x3", "x4", 
"x5", "x6", "x7"), class = "data.frame", row.names = c("1", "2", 
"3", "4", "5", "6", "7", "8", "9", "10", "11", "12", "13", "14", 
"15", "16", "17", "18", "19", "20", "21", "22", "23", "24", "25", 
"26", "27"))
