"table.b8" <-
structure(list(x1 = c(0, 0, 0, 0, 0, 0, 0, 0, 0, 0, 0, 0, 0, 
0, 0, 0, 0, 0.02, 0.02, 0.02, 0.02, 0.02, 0.02, 0.02, 0.02, 0.02, 
0.02, 0.05, 0.05, 0.05, 0.05, 0.05, 0.05, 0.05, 0.05, 0.05), 
    x2 = c(10, 50, 85, 110, 140, 170, 200, 230, 260, 290, 10, 
    30, 62, 90, 150, 210, 270, 10, 30, 60, 90, 120, 210, 30, 
    60, 120, 150, 20, 40, 130, 190, 250, 60, 90, 120, 150), y = c(7.5, 
    15, 22, 28.6, 31.6, 34, 35, 35.5, 36.5, 38.5, 12.3, 18, 20.8, 
    25.7, 32.5, 34, 35, 14.4, 19, 26.4, 28.5, 29, 35, 15.1, 26.4, 
    27, 29, 21, 27.3, 48.5, 50.4, 52.5, 34.4, 46.5, 50, 51.9)), .Names = c("x1", 
"x2", "y"), class = "data.frame", row.names = c("1", "2", "3", 
"4", "5", "6", "7", "8", "9", "10", "11", "12", "13", "14", "15", 
"16", "17", "18", "19", "20", "21", "22", "23", "24", "25", "26", 
"27", "28", "29", "30", "31", "32", "33", "34", "35", "36"))
