"table.b4" <-
structure(list(y = c(29.5, 27.9, 25.9, 29.9, 29.9, 30.9, 28.9, 
35.9, 31.5, 31, 30.9, 30, 36.9, 41.9, 40.5, 43.9, 37.5, 37.9, 
44.5, 37.9, 38.9, 36.9, 45.8, 25.9), x1 = c(5.0208, 4.5429, 4.5573, 
5.0597, 3.891, 5.898, 5.6039, 5.8282, 5.3003, 6.2712, 5.9592, 
5.05, 8.2464, 6.6969, 7.7841, 9.0384, 5.9894, 7.5422, 8.7951, 
6.0831, 8.3607, 8.14, 9.1416, 4.9176), x2 = c(1, 1, 1, 1, 1, 
1, 1, 1, 1, 1, 1, 1, 1.5, 1.5, 1.5, 1, 1, 1.5, 1.5, 1.5, 1.5, 
1, 1.5, 1), x3 = c(3.531, 2.275, 4.05, 4.455, 4.455, 5.85, 9.52, 
6.435, 4.9883, 5.52, 6.666, 5, 5.15, 6.902, 7.102, 7.8, 5.52, 
5, 9.89, 6.7265, 9.15, 8, 7.3262, 3.472), x4 = c(1.5, 1.175, 
1.232, 1.121, 0.988, 1.24, 1.501, 1.225, 1.552, 0.975, 1.121, 
1.02, 1.664, 1.488, 1.376, 1.5, 1.256, 1.69, 1.82, 1.652, 1.777, 
1.504, 1.831, 0.998), x5 = c(2, 1, 1, 1, 1, 1, 0, 2, 1, 1, 2, 
0, 2, 1.5, 1, 1.5, 2, 1, 2, 1, 2, 2, 1.5, 1), x6 = c(7, 6, 6, 
6, 6, 7, 6, 6, 6, 5, 6, 5, 8, 7, 6, 7, 6, 6, 8, 6, 8, 7, 8, 7
), x7 = c(4, 3, 3, 3, 3, 3, 3, 3, 3, 2, 3, 2, 4, 3, 3, 3, 3, 
3, 4, 3, 4, 3, 4, 4), x8 = c(62, 40, 54, 42, 56, 51, 32, 32, 
30, 30, 32, 46, 50, 22, 17, 23, 40, 22, 50, 44, 48, 3, 31, 42
), x9 = c(0, 0, 0, 0, 0, 1, 0, 0, 0, 0, 0, 1, 0, 1, 0, 0, 1, 
0, 1, 0, 1, 0, 0, 0)), .Names = c("y", "x1", "x2", "x3", "x4", 
"x5", "x6", "x7", "x8", "x9"), class = "data.frame", row.names = c("1", 
"2", "3", "4", "5", "6", "7", "8", "9", "10", "11", "12", "13", 
"14", "15", "16", "17", "18", "19", "20", "21", "22", "23", "24"
))
