"table.b11" <-
structure(list(Clarity = c(1, 1, 1, 1, 1, 1, 1, 1, 1, 1, 1, 0.5, 
0.8, 0.7, 1, 0.9, 1, 1, 1, 0.9, 0.9, 1, 0.7, 0.7, 1, 1, 1, 1, 
1, 1, 1, 0.8, 1, 1, 0.8, 0.8, 0.8, 0.8), Aroma = c(3.3, 4.4, 
3.9, 3.9, 5.6, 4.6, 4.8, 5.3, 4.3, 4.3, 5.1, 3.3, 5.9, 7.7, 7.1, 
5.5, 6.3, 5, 4.6, 3.4, 6.4, 5.5, 4.7, 4.1, 6, 4.3, 3.9, 5.1, 
3.9, 4.5, 5.2, 4.2, 3.3, 6.8, 5, 3.5, 4.3, 5.2), Body = c(2.8, 
4.9, 5.3, 2.6, 5.1, 4.7, 4.8, 4.5, 4.3, 3.9, 4.3, 5.4, 5.7, 6.6, 
4.4, 5.6, 5.4, 5.5, 4.1, 5, 5.4, 5.3, 4.1, 4, 5.4, 4.6, 4, 4.9, 
4.4, 3.7, 4.3, 3.8, 3.5, 5, 5.7, 4.7, 5.5, 4.8), Flavor = c(3.1, 
3.5, 4.8, 3.1, 5.5, 5, 4.8, 4.3, 3.9, 4.7, 4.5, 4.3, 7, 6.7, 
5.8, 5.6, 4.8, 5.5, 4.3, 3.4, 6.6, 5.3, 5, 4.1, 5.7, 4.7, 5.1, 
5, 5, 2.9, 5, 3, 4.3, 6, 5.5, 4.2, 3.5, 5.7), Oakiness = c(4.1, 
3.9, 4.7, 3.6, 5.1, 4.1, 3.3, 5.2, 2.9, 3.9, 3.6, 3.6, 4.1, 3.7, 
4.1, 4.4, 4.6, 4.1, 3.1, 3.4, 4.8, 3.8, 3.7, 4, 4.7, 4.9, 5.1, 
5.1, 4.4, 3.9, 6, 4.7, 4.5, 5.2, 4.8, 3.3, 5.8, 3.5), Quality = c(9.8, 
12.6, 11.9, 11.1, 13.3, 12.8, 12.8, 12, 13.6, 13.9, 14.4, 12.3, 
16.1, 16.1, 15.5, 15.5, 13.8, 13.8, 11.3, 7.9, 15.1, 13.5, 10.8, 
9.5, 12.7, 11.6, 11.7, 11.9, 10.8, 8.5, 10.7, 9.1, 12.1, 14.9, 
13.5, 12.2, 10.3, 13.2), Region = c(1, 1, 1, 1, 1, 1, 1, 1, 3, 
1, 3, 2, 3, 3, 3, 3, 3, 3, 1, 2, 3, 3, 2, 2, 3, 2, 1, 2, 2, 2, 
2, 1, 1, 3, 1, 1, 1, 1)), .Names = c("Clarity", "Aroma", "Body", 
"Flavor", "Oakiness", "Quality", "Region"), class = "data.frame", row.names = c("1", 
"2", "3", "4", "5", "6", "7", "8", "9", "10", "11", "12", "13", 
"14", "15", "16", "17", "18", "19", "20", "21", "22", "23", "24", 
"25", "26", "27", "28", "29", "30", "31", "32", "33", "34", "35", 
"36", "37", "38"))
