"table.b7" <-
structure(list(x1 = c(415, 550, 415, 550, 415, 550, 415, 550, 
415, 550, 415, 550, 415, 550, 415, 550), x2 = c(25, 25, 95, 95, 
25, 25, 95, 95, 25, 25, 95, 95, 25, 25, 95, 95), x3 = c(5, 5, 
5, 5, 15, 15, 15, 15, 5, 5, 5, 5, 15, 15, 15, 15), x4 = c(40, 
40, 40, 40, 40, 40, 40, 40, 60, 60, 60, 60, 60, 60, 60, 60), 
    x5 = c(1.28, 4.05, 4.05, 1.28, 4.05, 1.28, 1.28, 4.05, 4.05, 
    1.28, 1.28, 4.05, 1.28, 4.05, 4.05, 1.28), y = c(63, 21, 
    36, 99, 24, 66, 71, 54, 23, 74, 80, 33, 63, 21, 44, 96)), .Names = c("x1", 
"x2", "x3", "x4", "x5", "y"), class = "data.frame", row.names = c("1", 
"2", "3", "4", "5", "6", "7", "8", "9", "10", "11", "12", "13", 
"14", "15", "16"))
