"table.b3" <-
structure(list(y = c(18.9, 17, 20, 18.25, 20.07, 11.2, 22.12, 
21.47, 34.7, 30.4, 16.5, 36.5, 21.5, 19.7, 20.3, 17.8, 14.39, 
14.89, 17.8, 16.41, 23.54, 21.47, 16.59, 31.9, 29.4, 13.27, 23.9, 
19.73, 13.9, 13.27, 13.77, 16.5), x1 = c(350, 350, 250, 351, 
225, 440, 231, 262, 89.7, 96.9, 350, 85.3, 171, 258, 140, 302, 
500, 440, 350, 318, 231, 360, 400, 96.9, 140, 460, 133.6, 318, 
351, 351, 360, 360), x2 = c(165, 170, 105, 143, 95, 215, 110, 
110, 70, 75, 155, 80, 109, 110, 83, 129, 190, 215, 155, 145, 
110, 180, 185, 75, 86, 223, 96, 140, 148, 148, 195, 165), x3 = c(260, 
275, 185, 255, 170, 330, 175, 200, 81, 83, 250, 83, 146, 195, 
109, 220, 360, 330, 250, 255, 175, 290, NA, 83, NA, 366, 120, 
255, 243, 243, 295, 255), x4 = c(8, 8.5, 8.25, 8, 8.4, 8.2, 8, 
8.5, 8.2, 9, 8.5, 8.5, 8.2, 8, 8.4, 8, 8.5, 8.2, 8.5, 8.5, 8, 
8.4, 7.6, 9, 8, 8, 8.4, 8.5, 8, 8, 8.25, 8.5), x5 = c(2.56, 2.56, 
2.73, 3, 2.76, 2.88, 2.56, 2.56, 3.9, 4.3, 3.08, 3.89, 3.22, 
3.08, 3.4, 3, 2.73, 2.71, 3.08, 2.45, 2.56, 2.45, 3.08, 4.3, 
2.92, 3, 3.91, 2.71, 3.25, 3.26, 3.15, 2.73), x6 = c(4, 4, 1, 
2, 1, 4, 2, 2, 2, 2, 4, 2, 2, 1, 2, 2, 4, 4, 4, 2, 2, 2, 4, 2, 
2, 4, 2, 2, 2, 2, 4, 4), x7 = c(3, 3, 3, 3, 3, 3, 3, 3, 4, 5, 
3, 4, 4, 3, 4, 3, 3, 3, 3, 3, 3, 3, 3, 5, 4, 3, 5, 3, 3, 3, 3, 
3), x8 = c(200.3, 199.6, 196.7, 199.9, 194.1, 184.5, 179.3, 179.3, 
155.7, 165.2, 195.4, 160.6, 170.4, 171.5, 168.8, 199.9, 224.1, 
231, 196.7, 197.6, 179.3, 214.2, 196, 165.2, 176.4, 228, 171.5, 
215.3, 215.5, 216.1, 209.3, 185.2), x9 = c(69.9, 72.9, 72.2, 
74, 71.8, 69, 65.4, 65.4, 64, 65, 74.4, 62.2, 66.9, 77, 69.4, 
74, 79.8, 79.7, 72.2, 71, 65.4, 76.3, 73, 61.8, 65.4, 79.8, 63.4, 
76.3, 78.5, 78.5, 77.4, 69), x10 = c(3910, 3860, 3510, 3890, 
3365, 4215, 3020, 3180, 1905, 2320, 3885, 2009, 2655, 3375, 2700, 
3890, 5290, 5185, 3910, 3660, 3050, 4250, 3850, 2275, 2150, 5430, 
2535, 4370, 4540, 4715, 4215, 3660), x11 = c(1, 1, 1, 1, 0, 1, 
1, 1, 0, 0, 1, 0, 0, 1, 0, 1, 1, 1, 1, 1, 1, 1, 1, 0, 0, 1, 0, 
1, 1, 1, 1, 1)), .Names = c("y", "x1", "x2", "x3", "x4", "x5", 
"x6", "x7", "x8", "x9", "x10", "x11"), class = "data.frame", row.names = c("1", 
"2", "3", "4", "5", "6", "7", "8", "9", "10", "11", "12", "13", 
"14", "15", "16", "17", "18", "19", "20", "21", "22", "23", "24", 
"25", "26", "27", "28", "29", "30", "31", "32"))
