"table.b14" <-
structure(list(x1 = c(3, 8, 3, 4, 8, 10, 8, 6, 4, 16, 3, 8, 3, 
3, 4, 5, 2, 10, 15, 15, 10, 3, 6, 2, 3), x2 = c(3, 30, 6, 4, 
7, 20, 6, 24, 10, 12, 10, 3, 6, 8, 8, 2, 2, 15, 6, 6, 4, 8, 6, 
3, 3), x3 = c(3, 8, 6, 4, 6, 5, 3, 4, 12, 8, 8, 3, 3, 8, 4, 2, 
2, 3, 2, 2, 3, 2, 6, 8, 8), x4 = c(3, 8, 6, 12, 5, 5, 3, 4, 4, 
4, 8, 3, 3, 3, 8, 2, 3, 3, 3, 3, 3, 2, 4, 6, 8), x5 = c(0, 0, 
0, 0, 0, 0, 25, 25, 25, 25, 25, 25, 50, 50, 50, 50, 50, 50, 50, 
75, 75, 75, 75, 75, 75), y = c(0.787, 0.293, 1.71, 0.203, 0.806, 
4.713, 0.607, 9.107, 9.21, 1.365, 4.554, 0.293, 2.252, 9.167, 
0.694, 0.379, 0.485, 3.345, 0.208, 0.201, 0.329, 4.966, 1.362, 
1.515, 0.751)), .Names = c("x1", "x2", "x3", "x4", "x5", "y"), class = "data.frame", row.names = c("1", 
"2", "3", "4", "5", "6", "7", "8", "9", "10", "11", "12", "13", 
"14", "15", "16", "17", "18", "19", "20", "21", "22", "23", "24", 
"25"))
