"table.b10" <-
structure(list(x1 = c(0.9189, 0.9189, 0.9189, 0.9189, 0.9189, 
0.9189, 0.9189, 0.9189, 0.9189, 0.9189, 0.7547, 0.7547, 0.7547, 
0.7547, 0.7547, 0.7547, 0.7547, 0.7547, 0.7547, 0.7547, 0.5685, 
0.5685, 0.5685, 0.5685, 0.5685, 0.5685, 0.5685, 0.5685, 0.5685, 
0.5685, 0.361, 0.361, 0.361, 0.361, 0.361, 0.361, 0.361, 0.361, 
0.361, 0.361), x2 = c(-10, 0, 10, 20, 30, 40, 50, 60, 70, 80, 
-10, 0, 10, 20, 30, 40, 50, 60, 70, 80, -10, 0, 10, 20, 30, 40, 
50, 60, 70, 80, -10, 0, 10, 20, 30, 40, 50, 60, 70, 80), y = c(3.128, 
2.427, 1.94, 1.586, 1.325, 1.126, 0.9694, 0.8473, 0.7481, 0.6671, 
2.27, 1.819, 1.489, 1.246, 1.062, 0.916, 0.8005, 0.7091, 0.6345, 
0.5715, 1.593, 1.324, 1.118, 0.9576, 0.8302, 0.7282, 0.647, 0.5784, 
0.5219, 0.4735, 1.161, 0.9925, 0.8601, 0.7523, 0.6663, 0.594, 
0.5338, 0.4804, 0.4361, 0.4016)), .Names = c("x1", "x2", "y"), class = "data.frame", row.names = c("1", 
"2", "3", "4", "5", "6", "7", "8", "9", "10", "11", "12", "13", 
"14", "15", "16", "17", "18", "19", "20", "21", "22", "23", "24", 
"25", "26", "27", "28", "29", "30", "31", "32", "33", "34", "35", 
"36", "37", "38", "39", "40"))
