windWin80 <-
structure(list(h0 = c(4L, 13L, 0L, 20L, 15L, 20L, 37L, 19L, 22L, 
17L, 37L, 15L, 37L, 11L, 24L, 20L, 0L, 26L, 17L, 9L, 13L, 57L, 
15L, 22L, 35L, 17L, 2L, 9L, 15L, 9L, 15L, 0L, 2L, 19L, 33L, 6L, 
11L, 15L, 2L, 28L, 31L, 28L, 11L, 0L, 15L, 19L, 17L, 11L, 17L, 
9L, 15L, 15L, 17L, 9L, 19L, 19L, 37L, 11L, 17L, 13L, 2L, 17L, 
2L, 11L, 17L, 22L, 0L, 2L, 11L, 35L, 6L, 35L, 22L, 0L, 31L, 13L, 
19L, 6L, 19L, 22L, 7L, 0L, 0L, 0L, 9L, 11L, 4L, 0L, 9L, 19L, 
13L, 13L, 0L, 2L, 11L, 15L, 19L, 26L, 22L, 7L, 11L, 19L, 19L, 
13L, 20L, 22L, 11L, 13L, 24L, 22L, 26L, 15L, 33L, 2L, 9L, 15L, 
11L, 2L, 2L, 0L, 4L, 6L, 0L, 6L, 11L, 17L, 17L, 22L, 11L, 2L, 
24L, 17L, 11L, 17L, 0L, 0L, 9L, 19L, 0L, 4L, 20L, 13L, 19L, 28L, 
19L, 24L, 24L, 20L, 20L, 15L, 11L, 17L, 11L, 6L, 9L, 30L, 19L, 
22L, 30L, 6L, 7L, 4L, 17L, 37L, 17L, 0L, 11L, 4L, 19L, 20L, 2L, 
7L, 4L, 13L, 0L, 33L, 19L, 28L, 22L, 19L, 22L, 6L, 7L, 13L, 4L, 
41L, 0L, 17L, 24L, 9L, 15L, 7L, 9L, 13L, 9L, 26L, 2L, 20L, 2L, 
24L, 15L, 11L, 19L, 0L, 17L, 22L, 11L, 7L, 17L, 15L, 2L, 22L, 
11L, 15L, 11L, 0L, 41L, 17L, 0L, 11L, 2L, 7L, 0L, 0L, 13L, 2L, 
7L, 0L, 28L, 15L, 6L, 7L, 0L, 4L, 20L, 2L, 4L, 2L, 17L, 0L, 19L, 
20L, 13L, 4L, 4L, 7L, 30L, 22L, 15L, 13L, 13L, 33L, 15L, 15L, 
2L, 22L, 17L, 6L, 22L, 43L, 6L, 13L, 15L, 0L, 30L, 17L, 4L, 15L, 
11L, 15L, 11L, 15L, 22L, 15L, 28L, 33L, 19L, 2L, 33L, 9L, 13L, 
13L, 26L, 43L, 33L, 0L, 9L, 22L, 7L, 2L, 43L, 37L, 13L, 2L, 6L, 
2L, 9L, 15L, 22L, 9L, 11L, 6L, 0L, 20L, 33L, 15L, 28L, 15L, 15L, 
6L, 0L, 9L, 22L, 30L, 2L, 26L, 0L, 13L, 11L, 0L, 20L, 0L, 37L, 
17L, 13L, 13L, 26L, 19L, 17L, 11L, 28L, 13L, 30L, 28L, 2L, 26L, 
7L, 19L, 20L, 20L, 26L, 15L, 7L, 2L, 17L, 6L, 22L, 11L, 17L, 
28L, 0L, 37L, 24L, 28L, 0L, 0L, 13L, 20L, 19L, 24L, 11L, 44L, 
26L, 0L, 31L, 11L), h12 = c(15L, 9L, 19L, 22L, 9L, 48L, 20L, 
28L, 15L, 30L, 56L, 41L, 65L, 30L, 22L, 11L, 13L, 22L, 20L, 13L, 
22L, 30L, 30L, 24L, 22L, 11L, 11L, 17L, 4L, 9L, 17L, 2L, 11L, 
30L, 24L, 15L, 13L, 9L, 15L, 43L, 44L, 19L, 6L, 13L, 11L, 19L, 
24L, 9L, 2L, 19L, 35L, 11L, 17L, 24L, 15L, 15L, 31L, 0L, 35L, 
6L, 31L, 0L, 43L, 2L, 26L, 17L, 15L, 20L, 26L, 39L, 19L, 30L, 
22L, 2L, 37L, 37L, 9L, 20L, 11L, 35L, 7L, 9L, 0L, 22L, 17L, 6L, 
19L, 11L, 19L, 28L, 20L, 28L, 7L, 19L, 30L, 20L, 24L, 41L, 30L, 
28L, 24L, 35L, 37L, 2L, 20L, 11L, 28L, 0L, 43L, 4L, 17L, 35L, 
70L, 26L, 19L, 28L, 15L, 6L, 2L, 15L, 9L, 6L, 0L, 19L, 20L, 48L, 
30L, 35L, 15L, 2L, 37L, 31L, 2L, 22L, 0L, 2L, 28L, 4L, 20L, 20L, 
31L, 30L, 39L, 41L, 30L, 43L, 28L, 7L, 24L, 19L, 24L, 11L, 19L, 
13L, 22L, 43L, 9L, 24L, 28L, 41L, 7L, 15L, 35L, 24L, 19L, 30L, 
11L, 17L, 37L, 11L, 11L, 22L, 11L, 26L, 19L, 33L, 30L, 24L, 26L, 
20L, 15L, 43L, 19L, 30L, 6L, 22L, 9L, 37L, 33L, 24L, 24L, 19L, 
28L, 20L, 31L, 22L, 4L, 17L, 20L, 30L, 11L, 20L, 17L, 2L, 24L, 
39L, 7L, 22L, 22L, 30L, 30L, 22L, 19L, 31L, 15L, 24L, 35L, 28L, 
11L, 4L, 24L, 0L, 2L, 7L, 15L, 7L, 19L, 22L, 28L, 7L, 24L, 15L, 
22L, 43L, 39L, 17L, 17L, 35L, 28L, 15L, 26L, 17L, 19L, 13L, 11L, 
24L, 6L, 31L, 28L, 6L, 15L, 37L, 37L, 30L, 26L, 19L, 30L, 2L, 
28L, 33L, 28L, 11L, 30L, 24L, 7L, 37L, 20L, 26L, 11L, 17L, 7L, 
35L, 19L, 24L, 28L, 31L, 2L, 19L, 9L, 2L, 22L, 11L, 33L, 52L, 
19L, 0L, 26L, 22L, 13L, 28L, 50L, 13L, 17L, 43L, 13L, 13L, 26L, 
22L, 37L, 28L, 22L, 2L, 35L, 56L, 35L, 19L, 30L, 33L, 24L, 19L, 
22L, 20L, 20L, 22L, 28L, 24L, 17L, 11L, 17L, 6L, 24L, 31L, 17L, 
13L, 17L, 35L, 26L, 17L, 19L, 9L, 17L, 0L, 15L, 24L, 33L, 28L, 
0L, 19L, 33L, 22L, 22L, 22L, 15L, 30L, 24L, 19L, 48L, 28L, 4L, 
6L, 24L, 33L, 44L, 28L, 0L, 0L, 15L, 26L, 13L, 20L, 2L, 43L, 
9L, 30L, 9L, 9L)), .Names = c("h0", "h12"), class = "data.frame", row.names = c(NA, 
-366L))
